 wf =    1.9258818955925139E-003
 grad1 =   -1.6616487012844935E-003   1.0592292164914737E-003  -4.4575133547138405E-003
 grad2 =   -2.3613573245062839E-003  -2.2686175146109581E-003   1.8907129637673041E-003
 laplacian =   -4.0718290380443584E-003
