 wf =    5.2196012534573406E-002
 grad1 =   -5.0604600868547650E-002   1.4498857281638612E-002 -0.10804030599242105     
 grad2 =   -5.4818774143522056E-002  -5.4260225034054803E-002   5.1984198691369964E-002
 laplacian =  -0.18820477520393242     
